$ 1 0.000005 9.001713130052181 50 5 43 5e-11
t -32 176 48 176 0 1 -1.2054687402770878 0.5943805444329543 200 default
r 48 48 48 128 0 2700
w 48 160 48 128 0
r 48 224 48 304 0 680
w 48 192 48 224 0
d -96 192 -96 240 2 1N4148
d -96 240 -96 288 2 1N4148
w -96 192 -96 176 0
r -96 48 -96 128 0 3300
w -96 128 -96 176 0
w -96 48 -96 16 0
w -96 16 48 16 0
w 48 16 48 48 1
w -96 288 -96 336 1
w -96 336 -32 336 0
w 48 304 48 336 1
w -32 208 -32 176 0
w -32 288 -32 336 0
w -32 336 48 336 0
w -32 176 -96 176 3
w 48 128 96 128 2
c 96 128 176 128 4 0.00001 2.4963558172266924 0.001 0
r 208 128 208 336 0 10000
w 48 336 208 336 0
g 48 336 48 368 0 0
w -192 16 -96 16 3
w -192 336 -96 336 0
r -80 448 0 448 0 100000
r -80 496 0 496 0 100000
w 0 448 96 448 0
w 48 224 96 224 2
w 0 496 96 496 0
w 96 496 96 448 0
v -160 448 -80 448 0 1 100 2 0 0 0.5
v -160 496 -80 496 0 2 200 2 0 0 0.5
w -160 448 -160 496 0
g -160 496 -160 544 0 0
v -192 336 -192 16 0 0 40 5 0 0 0.5
c -32 208 -32 288 4 0.00009999999999999999 1.2313302460191364 0.001 0
c 96 224 96 304 4 0.00001 0.7320677575336453 0.001 0
w 96 304 96 448 1
w 176 128 208 128 1
o 22 8 0 13066 0.09417280937565545 0.0001 0 2 22 3
