$ 1 0.000005 9.001713130052181 50 5 43 5e-11
t -32 176 48 176 0 1 -1.237315942059071 0.594349986700355 200 default
r 48 48 48 128 0 2700
w 48 160 48 128 0
r 48 224 48 304 0 680
w 48 192 48 224 0
d -96 192 -96 240 2 1N4148
d -96 240 -96 288 2 1N4148
w -96 192 -96 176 0
r -96 48 -96 128 0 3300
w -96 128 -96 176 0
w -96 48 -96 16 0
w -96 16 48 16 0
w 48 16 48 48 1
w -96 288 -96 336 1
w -96 336 -32 336 0
w 48 304 48 336 1
w -32 208 -32 176 0
w -32 288 -32 336 0
w -32 336 48 336 0
w -32 176 -96 176 3
w 48 128 96 128 2
c 96 128 176 128 4 0.000009999999999999999 0.017480160124101918 0.001 0
g 48 336 48 368 0 0
w -192 16 -96 16 3
w -192 336 -96 336 0
r -80 448 0 448 0 100000
r -80 496 0 496 0 100000
w 0 448 96 448 0
w 48 224 96 224 2
w 0 496 96 496 0
w 96 496 96 448 0
v -160 448 -80 448 0 1 100 2 0 0 0.5
v -160 496 -80 496 0 2 200 2 0 0 0.5
w -160 448 -160 496 0
g -160 496 -160 544 0 0
v -192 336 -192 16 0 0 40 5 0 0 0.5
c -32 208 -32 288 4 0.00009999999999999999 1.2313292980919979 0.001 0
c 96 224 96 304 4 0.00001 0.643058090008184 0.001 0
w 96 304 96 448 1
t 288 160 352 160 0 1 -2.548834919973033 0.6496847637584375 100 default
w 256 160 288 160 2
O 432 176 496 176 0 0
w 256 336 352 336 0
r 352 176 352 336 0 220
w 352 16 352 144 1
r 256 160 256 336 0 1000
r 256 16 256 160 0 1000
w 256 16 352 16 0
w 48 16 256 16 0
w 48 336 256 336 0
w 176 128 256 160 0
403 208 416 336 624 0 50_16_0_13066_2.4746315392455105_0.0001_-1_2_50_3
403 352 416 480 624 0 41_16_0_13066_0.016482568794577598_0.0001_-1_1
c 384 176 432 176 4 0.000009999999999999999 1.802091992041801 0.001 0
r 432 176 432 336 0 220
w 352 336 432 336 0
w 384 176 352 176 2
