$ 1 0.000005 10.20027730826997 50 5 50 5e-11
w 256 96 352 96 0
r 256 96 256 192 0 1000
r 256 192 256 304 0 1000
w 352 96 352 192 1
r 352 224 352 304 0 47
w 256 304 352 304 0
c 208 192 256 192 4 0.000003 -0.5786354659347791 0.001 0
R 208 192 160 192 0 1 40 5 0 0 0.5
g 256 304 256 336 0 0
R 256 96 160 96 0 0 40 5 0 0 0.5
O 352 224 416 224 0 0
w 256 192 288 208 0
t 288 208 352 208 0 1 -4.176418392252835 0.6316925280766873 100 default
o 2 64 0 4098 10 0.0015625 0 2 2 3
o 10 64 0 4098 5 0.00009765625 1 1
