$ 1 0.000005 10.20027730826997 50 5 50 5e-11
w 256 96 352 96 0
r 256 96 256 192 0 800
r 256 192 256 304 0 800
w 352 224 352 304 0
r 352 96 352 192 0 40
w 256 304 352 304 0
c 208 192 256 192 4 0.000003 -0.8189274001083344 0.001 0
R 208 192 160 192 0 1 40 5 0 0 0.5
g 256 304 256 336 0 0
R 256 96 160 96 0 0 40 5 0 0 0.5
O 352 192 416 192 0 0
t 304 208 352 208 0 -1 3.8884249370343937 -0.6581076488394677 100 default
w 256 192 304 208 0
o 2 64 0 4098 5 0.0015625 0 2 2 3
o 10 64 0 4098 5 0.00009765625 1 1
