$ 1 0.000005 7.619785657297057 41 15 53 5e-11
w 160 48 336 48 0
r 160 48 160 208 0 16500
r 160 208 160 352 0 8500
t 240 208 336 208 0 1 -2.1054632436836602 0.5825374711319478 200 default
w 160 352 336 352 0
g 160 352 160 384 0 0
R 160 48 64 48 0 0 40 5 0 0 0.5
r 336 96 336 192 0 2800
r 336 224 336 352 0 1000
c 160 208 80 208 4 0.0000049999999999999996 1.4343972177364217 0.001 0
R 80 208 32 208 0 1 80 0.6 0 0 0.5
c 384 192 464 192 4 0.0000049999999999999996 2.849037177205629 0.001 0
O 464 192 512 192 0 0
r 464 192 464 272 0 100000
g 464 272 464 304 0 0
w 160 208 240 208 2
w 384 192 336 192 2
w 336 48 336 96 1
w 384 224 336 224 2
c 416 272 416 400 4 0.000001 1.4410721632596843 0.001 0
w 336 352 384 352 0
o 12 8 0 4098 5 0.00009765625 0 1
o 15 8 0 4874 5 0.1 1 2 15 3
